-------correlation matrix-------
                    sex  test_time  motor_UPDRS  total_UPDRS  Jitter(%)  \
sex            1.000000  -0.009805    -0.031205    -0.096559   0.051422   
test_time     -0.009805   1.000000     0.067918     0.075263  -0.022837   
motor_UPDRS   -0.031205   0.067918     1.000000     0.947231   0.084816   
total_UPDRS   -0.096559   0.075263     0.947231     1.000000   0.074247   
Jitter(%)      0.051422  -0.022837     0.084816     0.074247   1.000000   
Jitter(Abs)   -0.154645  -0.011365     0.050903     0.066927   0.865577   
Jitter:RAP     0.076718  -0.028888     0.072684     0.064015   0.984181   
Jitter:PPQ5    0.087995  -0.023290     0.076291     0.063352   0.968214   
Jitter:DDP     0.076703  -0.028876     0.072698     0.064027   0.984184   
Shimmer        0.058736  -0.033870     0.102349     0.092141   0.709791   
Shimmer(dB)    0.056481  -0.030962     0.110076     0.098790   0.716704   
Shimmer:APQ3   0.044937  -0.029020     0.084261     0.079363   0.664149   
Shimmer:APQ5   0.064819  -0.036504     0.092105     0.083467   0.694002   
Shimmer:APQ11  0.023360  -0.039110     0.136560     0.120838   0.645965   
Shimmer:DDA    0.044938  -0.029017     0.084260     0.079363   0.664147   
NHR            0.168170  -0.026357     0.074967     0.060952   0.825294   
HNR           -0.000167   0.036545    -0.157029    -0.162117  -0.675188   
RPDE          -0.159262  -0.038887     0.128607     0.156897   0.427128   
DFA           -0.165113   0.019261    -0.116242    -0.113475   0.226550   
PPE           -0.099901  -0.000563     0.162433     0.156195   0.721849   

               Jitter(Abs)  Jitter:RAP  Jitter:PPQ5  Jitter:DDP   Shimmer  \
sex              -0.154645    0.076718     0.087995    0.076703  0.058736   
test_time        -0.011365   -0.028888    -0.023290   -0.028876 -0.033870   
motor_UPDRS       0.050903    0.072684     0.076291    0.072698  0.102349   
total_UPDRS       0.066927    0.064015     0.063352    0.064027  0.092141   
Jitter(%)         0.865577    0.984181     0.968214    0.984184  0.709791   
Jitter(Abs)       1.000000    0.844626     0.790538    0.844630  0.649046   
Jitter:RAP        0.844626    1.000000     0.947196    1.000000  0.681729   
Jitter:PPQ5       0.790538    0.947196     1.000000    0.947203  0.732747   
Jitter:DDP        0.844630    1.000000     0.947203    1.000000  0.681734   
Shimmer           0.649046    0.681729     0.732747    0.681734  1.000000   
Shimmer(dB)       0.655871    0.685551     0.734591    0.685556  0.992334   
Shimmer:APQ3      0.623830    0.650226     0.676711    0.650228  0.979828   
Shimmer:APQ5      0.621401    0.659831     0.734021    0.659833  0.984904   
Shimmer:APQ11     0.589998    0.603082     0.668413    0.603090  0.935457   
Shimmer:DDA       0.623827    0.650225     0.676710    0.650227  0.979827   
NHR               0.699960    0.792373     0.864864    0.792377  0.795158   
HNR              -0.706418   -0.641473    -0.662409   -0.641482 -0.801416   
RPDE              0.547100    0.382891     0.381503    0.382886  0.468235   
DFA               0.352264    0.214881     0.175359    0.214893  0.132540   
PPE               0.787853    0.670652     0.663491    0.670660  0.615709   

               Shimmer(dB)  Shimmer:APQ3  Shimmer:APQ5  Shimmer:APQ11  \
sex               0.056481      0.044937      0.064819       0.023360   
test_time        -0.030962     -0.029020     -0.036504      -0.039110   
motor_UPDRS       0.110076      0.084261      0.092105       0.136560   
total_UPDRS       0.098790      0.079363      0.083467       0.120838   
Jitter(%)         0.716704      0.664149      0.694002       0.645965   
Jitter(Abs)       0.655871      0.623830      0.621401       0.589998   
Jitter:RAP        0.685551      0.650226      0.659831       0.603082   
Jitter:PPQ5       0.734591      0.676711      0.734021       0.668413   
Jitter:DDP        0.685556      0.650228      0.659833       0.603090   
Shimmer           0.992334      0.979828      0.984904       0.935457   
Shimmer(dB)       1.000000      0.968015      0.976373       0.936338   
Shimmer:APQ3      0.968015      1.000000      0.962723       0.885695   
Shimmer:APQ5      0.976373      0.962723      1.000000       0.938935   
Shimmer:APQ11     0.936338      0.885695      0.938935       1.000000   
Shimmer:DDA       0.968014      1.000000      0.962723       0.885694   
NHR               0.798077      0.732736      0.798173       0.711546   
HNR              -0.802496     -0.780697     -0.790638      -0.777974   
RPDE              0.472409      0.436878      0.450890       0.480739   
DFA               0.126111      0.130735      0.128038       0.179648   
PPE               0.635163      0.576704      0.593677       0.623416   

               Shimmer:DDA       NHR       HNR      RPDE       DFA       PPE  
sex               0.044938  0.168170 -0.000167 -0.159262 -0.165113 -0.099901  
test_time        -0.029017 -0.026357  0.036545 -0.038887  0.019261 -0.000563  
motor_UPDRS       0.084260  0.074967 -0.157029  0.128607 -0.116242  0.162433  
total_UPDRS       0.079363  0.060952 -0.162117  0.156897 -0.113475  0.156195  
Jitter(%)         0.664147  0.825294 -0.675188  0.427128  0.226550  0.721849  
Jitter(Abs)       0.623827  0.699960 -0.706418  0.547100  0.352264  0.787853  
Jitter:RAP        0.650225  0.792373 -0.641473  0.382891  0.214881  0.670652  
Jitter:PPQ5       0.676710  0.864864 -0.662409  0.381503  0.175359  0.663491  
Jitter:DDP        0.650227  0.792377 -0.641482  0.382886  0.214893  0.670660  
Shimmer           0.979827  0.795158 -0.801416  0.468235  0.132540  0.615709  
Shimmer(dB)       0.968014  0.798077 -0.802496  0.472409  0.126111  0.635163  
Shimmer:APQ3      1.000000  0.732736 -0.780697  0.436878  0.130735  0.576704  
Shimmer:APQ5      0.962723  0.798173 -0.790638  0.450890  0.128038  0.593677  
Shimmer:APQ11     0.885694  0.711546 -0.777974  0.480739  0.179648  0.623416  
Shimmer:DDA       1.000000  0.732734 -0.780696  0.436872  0.130736  0.576702  
NHR               0.732734  1.000000 -0.684412  0.416660 -0.022088  0.564654  
HNR              -0.780696 -0.684412  1.000000 -0.659053 -0.290519 -0.758722  
RPDE              0.436872  0.416660 -0.659053  1.000000  0.192030  0.566065  
DFA               0.130736 -0.022088 -0.290519  0.192030  1.000000  0.394650  
PPE               0.576702  0.564654 -0.758722  0.566065  0.394650  1.000000  
-------motor_UPDRS 
-------accuracy :0.156821692629
intercept_ :30.4353317966
-----------------------------------------------------------------------------------------------------
pair the feature names with the coefficients
                0             1
0             age      0.191823
1             sex     -1.156658
2       test_time      0.011429
3       Jitter(%)    287.212031
4     Jitter(Abs) -32472.906181
5     Jitter(Abs) -32472.906181
6      Jitter:RAP -37618.309286
7     Jitter:PPQ5   -323.242577
8      Jitter:DDP  12659.734948
9         Shimmer    145.756423
10    Shimmer(dB)     -6.717907
11   Shimmer:APQ3   -877.343441
12   Shimmer:APQ5   -123.752943
13  Shimmer:APQ11     73.029292
14    Shimmer:DDA    237.579450
15            NHR    -10.347325
16            HNR     -0.425630
17           RPDE      0.631157
18            DFA    -23.543054
19            PPE     17.501069
+-*+-*+-*+-*+-*+-*+-*+-*+-*+-*+-*+-*+-*+-*+-*+-*+-*+-*+-*+-*+-*+-*+-*+-*+-*+-*+-*+-*+-*+-*+-*+-*+-*+-*+-*+-*+-*+-*+-*+-*+-*+-*+-*+-*+-*+-*+-*+-*+-*+-*+-*+-*+-*+-*+-*+-*+-*+-*+-*+-*+-*+-*+-*+-*+-*+-*+-*+-*+-*+-*+-*+-*+-*+-*+-*+-*+-*+-*+-*+-*+-*+-*+-*+-*+-*+-*+-*+-*+-*+-*+-*+-*+-*+-*+-*+-*+-*+-*+-*+-*+-*+-*+-*+-*+-*+-*+-*+-*+-*+-*+-*+-*+-*+-*+-*+-*+-*+-*+-*+-*+-*+-*+-*+-*+-*+-*+-*+-*+-*+-*+-*+-*+-*+-*+-*+-*+-*+-*+-*+-*+-*+-*+-*+-*+-*+-*+-*+-*+-*+-*+-*+-*+-*+-*+-*+-*+-*+-*+-*+-*+-*+-*+-*+-*+-*+-*+-*+-*+-*+-*+-*+-*+-*+-*+-*+-*+-*+-*+-*+-*+-*+-*+-*+-*+-*+-*+-*+-*+-*+-*+-*+-*+-*+-*+-*+-*+-*+-*+-*+-*+-*
-------total_UPDRS 
-------accuracy :0.176539498219
intercept_ :39.722492245
-----------------------------------------------------------------------------------------------------
pair the feature names with the coefficients
                0             1
0             age      0.302964
1             sex     -2.792247
2       test_time      0.016547
3       Jitter(%)     43.305574
4     Jitter(Abs) -32034.048795
5     Jitter(Abs) -32034.048795
6      Jitter:RAP -39532.664464
7     Jitter:PPQ5   -338.540867
8      Jitter:DDP  13458.199229
9         Shimmer    149.257021
10    Shimmer(dB)     -8.904664
11   Shimmer:APQ3 -14671.273731
12   Shimmer:APQ5    -62.578667
13  Shimmer:APQ11     53.452464
14    Shimmer:DDA   4817.587494
15            NHR    -15.224548
16            HNR     -0.627050
17           RPDE      4.043014
18            DFA    -31.479155
19            PPE     17.523949
+-*+-*+-*+-*+-*+-*+-*+-*+-*+-*+-*+-*+-*+-*+-*+-*+-*+-*+-*+-*+-*+-*+-*+-*+-*+-*+-*+-*+-*+-*+-*+-*+-*+-*+-*+-*+-*+-*+-*+-*+-*+-*+-*+-*+-*+-*+-*+-*+-*+-*+-*+-*+-*+-*+-*+-*+-*+-*+-*+-*+-*+-*+-*+-*+-*+-*+-*+-*+-*+-*+-*+-*+-*+-*+-*+-*+-*+-*+-*+-*+-*+-*+-*+-*+-*+-*+-*+-*+-*+-*+-*+-*+-*+-*+-*+-*+-*+-*+-*+-*+-*+-*+-*+-*+-*+-*+-*+-*+-*+-*+-*+-*+-*+-*+-*+-*+-*+-*+-*+-*+-*+-*+-*+-*+-*+-*+-*+-*+-*+-*+-*+-*+-*+-*+-*+-*+-*+-*+-*+-*+-*+-*+-*+-*+-*+-*+-*+-*+-*+-*+-*+-*+-*+-*+-*+-*+-*+-*+-*+-*+-*+-*+-*+-*+-*+-*+-*+-*+-*+-*+-*+-*+-*+-*+-*+-*+-*+-*+-*+-*+-*+-*+-*+-*+-*+-*+-*+-*+-*+-*+-*+-*+-*+-*+-*+-*+-*+-*+-*+-*+-*
